MEAN EXECUTION TIME:

Human =  0.01821871000000007 s

Hurdles =  0.010527399999999965 s
